,kyon_nums,captured_kyons,dead_kyons,born_kyons,increase
0,250,0,0,0,0
1,249,0,1,0,-1
2,254,2,-1,4,5
3,259,0,-5,0,5
4,262,0,-3,0,3
5,257,0,5,0,-5
6,260,1,-3,0,3
7,260,0,0,0,0
8,262,0,-2,0,2
9,269,0,-7,0,7
10,271,0,-2,0,2
11,275,0,-2,2,4
12,278,0,-1,2,3
13,278,1,0,0,0
14,276,1,2,0,-2
15,277,0,-1,0,1
16,280,0,-3,0,3
17,281,0,-1,0,1
18,282,0,-1,0,1
19,286,0,-2,2,4
20,286,1,2,2,0
21,287,0,-1,0,1
22,289,1,-2,0,2
23,291,0,0,2,2
24,294,0,-3,0,3
25,294,1,0,0,0
26,292,0,2,0,-2
27,294,0,0,2,2
28,294,0,0,0,0
29,294,0,0,0,0
30,295,0,3,4,1
31,295,0,0,0,0
32,295,0,2,2,0
33,294,0,1,0,-1
34,290,1,4,0,-4
35,290,0,2,2,0
36,290,0,0,0,0
37,293,0,-3,0,3
38,296,0,-3,0,3
39,298,0,-2,0,2
40,303,0,-5,0,5
41,304,0,-1,0,1
42,304,0,2,2,0
43,308,0,-2,2,4
44,305,0,3,0,-3
45,306,0,-1,0,1
46,308,0,-2,0,2
47,307,0,1,0,-1
48,305,0,2,0,-2
49,304,0,1,0,-1
50,303,0,1,0,-1
51,303,0,0,0,0
52,302,0,1,0,-1
53,302,0,0,0,0
54,306,1,-4,0,4
55,309,0,-3,0,3
56,308,1,1,0,-1
57,310,0,0,2,2
58,310,0,2,2,0
59,311,0,-1,0,1
60,309,0,2,0,-2
61,306,1,3,0,-3
62,306,0,0,0,0
63,305,0,3,2,-1
64,305,0,0,0,0
65,305,0,0,0,0
66,305,0,0,0,0
67,306,0,1,2,1
68,307,0,-1,0,1
69,306,0,1,0,-1
70,306,0,0,0,0
71,306,0,0,0,0
72,304,0,2,0,-2
73,304,0,0,0,0
74,304,0,0,0,0
75,305,0,-1,0,1
76,304,0,1,0,-1
77,302,0,2,0,-2
78,302,1,0,0,0
79,298,1,4,0,-4
80,296,0,2,0,-2
81,296,1,0,0,0
82,294,0,2,0,-2
83,293,1,1,0,-1
84,294,0,-1,0,1
85,296,0,0,2,2
86,296,0,0,0,0
87,297,0,-1,0,1
88,300,0,-1,2,3
89,300,0,0,0,0
90,300,0,0,0,0
91,299,0,1,0,-1
92,300,0,1,2,1
93,302,0,-2,0,2
94,303,0,-1,0,1
95,302,1,1,0,-1
96,303,0,-1,0,1
97,304,0,-1,0,1
98,303,0,1,0,-1
99,302,1,1,0,-1
100,301,0,3,2,-1
101,300,0,1,0,-1
102,300,0,0,0,0
103,294,0,6,0,-6
104,293,0,1,0,-1
105,291,1,2,0,-2
106,292,0,-1,0,1
107,293,0,-1,0,1
108,294,0,-1,0,1
109,290,0,4,0,-4
110,286,1,4,0,-4
111,285,0,1,0,-1
112,283,0,2,0,-2
113,281,1,4,2,-2
114,278,1,3,0,-3
115,277,0,3,2,-1
116,278,0,-1,0,1
117,279,0,-1,0,1
118,279,0,0,0,0
119,280,0,-1,0,1
120,280,0,2,2,0
121,279,0,1,0,-1
122,277,0,4,2,-2
123,277,0,0,0,0
124,276,0,1,0,-1
125,276,0,0,0,0
126,275,0,1,0,-1
127,275,0,0,0,0
128,275,0,0,0,0
129,274,0,1,0,-1
130,273,1,1,0,-1
131,272,0,3,2,-1
132,271,0,1,0,-1
133,271,1,0,0,0
134,271,0,0,0,0
135,271,0,0,0,0
136,270,0,1,0,-1
137,270,0,0,0,0
138,267,0,3,0,-3
139,267,0,0,0,0
140,268,0,1,2,1
141,268,0,0,0,0
142,265,0,3,0,-3
143,265,0,0,0,0
144,263,0,2,0,-2
145,263,0,0,0,0
146,263,0,0,0,0
147,263,1,0,0,0
148,262,0,1,0,-1
149,260,1,2,0,-2
150,258,0,2,0,-2
151,258,0,0,0,0
152,257,0,1,0,-1
153,258,0,-1,0,1
154,256,0,2,0,-2
155,256,0,0,0,0
156,256,0,0,0,0
157,255,0,1,0,-1
158,255,0,0,0,0
159,254,1,1,0,-1
160,253,0,1,0,-1
161,253,0,0,0,0
162,252,0,1,0,-1
163,252,0,0,0,0
164,252,0,0,0,0
165,250,1,2,0,-2
166,249,1,1,0,-1
167,249,0,0,0,0
168,246,1,3,0,-3
169,248,0,0,2,2
170,248,0,0,0,0
171,248,0,0,0,0
172,249,0,-1,0,1
173,248,1,1,0,-1
174,246,0,2,0,-2
175,245,0,1,0,-1
176,245,0,0,0,0
177,243,0,2,0,-2
178,244,0,-1,0,1
179,244,0,0,0,0
180,242,0,2,0,-2
181,242,1,0,0,0
182,239,0,3,0,-3
183,240,0,1,2,1
184,238,0,2,0,-2
185,238,0,0,0,0
186,238,0,0,0,0
187,237,0,1,0,-1
188,237,0,0,0,0
189,236,0,1,0,-1
190,238,0,0,2,2
191,236,0,2,0,-2
192,236,0,0,0,0
193,235,0,1,0,-1
194,237,0,0,2,2
195,237,0,0,0,0
196,237,0,0,0,0
197,236,0,1,0,-1
198,234,0,2,0,-2
199,234,0,2,2,0
200,233,0,1,0,-1
201,233,0,0,0,0
202,232,0,1,0,-1
203,233,0,-1,0,1
204,234,1,-1,0,1
205,236,0,-2,0,2
206,236,1,0,0,0
207,236,0,0,0,0
208,234,2,2,0,-2
209,234,1,0,0,0
210,233,0,1,0,-1
211,234,0,-1,0,1
212,234,0,0,0,0
213,235,0,-1,0,1
214,235,1,0,0,0
215,235,0,0,0,0
216,235,0,0,0,0
217,235,0,0,0,0
218,235,0,0,0,0
219,238,0,1,4,3
220,239,0,-1,0,1
221,241,1,-2,0,2
222,242,0,-1,0,1
223,242,0,2,2,0
224,242,0,0,0,0
225,241,0,1,0,-1
226,242,0,-1,0,1
227,240,0,2,0,-2
228,238,0,2,0,-2
229,239,0,1,2,1
230,240,0,-1,0,1
231,241,0,1,2,1
232,241,0,0,0,0
233,242,0,-1,0,1
234,244,0,0,2,2
235,246,0,-2,0,2
236,243,1,3,0,-3
237,242,0,1,0,-1
238,242,0,0,0,0
239,241,0,1,0,-1
240,240,1,1,0,-1
241,240,0,0,0,0
242,240,0,0,0,0
243,240,0,0,0,0
244,239,0,1,0,-1
245,240,0,-1,0,1
246,240,0,0,0,0
247,240,0,0,0,0
248,241,0,1,2,1
249,244,0,-3,0,3
250,245,0,-1,0,1
251,244,0,1,0,-1
252,243,0,1,0,-1
253,243,0,0,0,0
254,246,0,-3,0,3
255,247,0,-1,0,1
256,247,0,0,0,0
257,247,0,0,0,0
258,248,0,-1,0,1
259,248,0,0,0,0
260,248,0,0,0,0
261,247,0,1,0,-1
262,250,0,-3,0,3
263,250,0,0,0,0
264,250,0,0,0,0
265,249,0,1,0,-1
266,251,0,-2,0,2
267,252,0,1,2,1
268,252,0,0,0,0
269,251,0,1,0,-1
270,250,0,1,0,-1
271,250,0,0,0,0
272,250,0,0,0,0
273,250,0,0,0,0
274,249,0,1,0,-1
275,249,1,0,0,0
276,246,0,3,0,-3
277,247,0,-1,0,1
278,247,0,0,0,0
279,247,0,0,0,0
280,246,1,3,2,-1
281,246,0,0,0,0
282,245,0,1,0,-1
283,245,1,0,0,0
284,247,0,-2,0,2
285,248,0,-1,0,1
286,249,0,-1,0,1
287,251,0,0,2,2
288,252,0,-1,0,1
289,253,0,1,2,1
290,252,2,1,0,-1
291,251,0,1,0,-1
292,249,0,2,0,-2
293,248,0,1,0,-1
294,247,0,1,0,-1
295,248,0,-1,0,1
296,249,0,-1,0,1
297,248,0,1,0,-1
298,246,0,2,0,-2
299,246,0,0,0,0
300,244,2,2,0,-2
301,243,1,1,0,-1
302,244,0,-1,0,1
303,242,0,2,0,-2
304,244,0,-2,0,2
305,246,0,-2,0,2
306,245,0,1,0,-1
307,246,0,-1,0,1
308,247,0,-1,0,1
309,246,1,1,0,-1
310,246,0,0,0,0
311,246,0,0,0,0
312,246,1,0,0,0
313,245,0,1,0,-1
314,244,0,3,2,-1
315,242,1,2,0,-2
316,244,0,0,2,2
317,243,0,1,0,-1
318,243,0,0,0,0
319,243,0,0,0,0
320,243,0,0,0,0
321,243,0,0,0,0
322,242,0,1,0,-1
323,242,0,0,0,0
324,240,1,2,0,-2
325,240,0,0,0,0
326,241,0,-1,0,1
327,241,0,0,0,0
328,241,0,0,0,0
329,240,0,1,0,-1
330,239,1,1,0,-1
331,239,0,0,0,0
332,238,0,1,0,-1
333,238,0,0,0,0
334,238,0,0,0,0
335,237,0,1,0,-1
336,235,1,2,0,-2
337,236,0,-1,0,1
338,237,0,-1,0,1
339,237,0,0,0,0
340,236,0,1,0,-1
341,237,0,-1,0,1
342,236,0,1,0,-1
343,235,0,3,2,-1
344,235,0,0,0,0
345,234,0,1,0,-1
346,235,0,-1,0,1
347,236,0,1,2,1
348,235,0,1,0,-1
349,236,0,-1,0,1
350,238,0,-2,0,2
351,238,0,0,0,0
352,238,0,0,0,0
353,237,1,1,0,-1
354,237,0,0,0,0
355,237,0,0,0,0
356,234,0,3,0,-3
357,233,0,1,0,-1
358,232,0,1,0,-1
359,231,0,1,0,-1
360,231,1,0,0,0
361,230,0,1,0,-1
362,230,0,0,0,0
363,230,0,0,0,0
364,232,0,0,2,2
365,231,1,1,0,-1
366,232,0,-1,0,1
367,229,1,3,0,-3
368,230,0,-1,0,1
369,229,0,1,0,-1
370,228,0,1,0,-1
371,226,1,2,0,-2
372,226,0,0,0,0
373,225,1,1,0,-1
374,227,0,-2,0,2
375,227,0,0,0,0
376,229,0,-2,0,2
377,230,0,-1,0,1
378,228,0,2,0,-2
379,228,0,0,0,0
380,229,0,-1,0,1
381,229,0,0,0,0
382,229,0,0,0,0
383,229,0,0,0,0
384,228,0,1,0,-1
385,227,0,1,0,-1
386,225,0,2,0,-2
387,225,0,0,0,0
388,223,0,2,0,-2
389,223,0,0,0,0
390,222,0,1,0,-1
391,222,0,0,0,0
392,224,0,-2,0,2
393,224,0,0,0,0
394,224,0,0,0,0
395,225,0,-1,0,1
396,221,1,4,0,-4
397,219,0,2,0,-2
398,217,0,2,0,-2
399,215,0,2,0,-2
400,213,0,2,0,-2
401,213,0,0,0,0
402,212,0,1,0,-1
403,211,0,1,0,-1
404,212,0,-1,0,1
405,213,0,-1,0,1
406,211,0,2,0,-2
407,212,0,1,2,1
408,213,0,-1,0,1
409,213,0,0,0,0
410,212,0,1,0,-1
411,213,0,-1,0,1
412,213,0,0,0,0
413,212,0,1,0,-1
414,211,0,1,0,-1
415,211,0,0,0,0
416,211,0,0,0,0
417,211,0,0,0,0
418,210,0,1,0,-1
419,208,0,2,0,-2
420,207,0,1,0,-1
421,207,0,2,2,0
422,209,0,-2,0,2
423,208,0,1,0,-1
424,208,0,0,0,0
425,206,0,2,0,-2
426,205,0,1,0,-1
427,204,0,1,0,-1
428,203,0,1,0,-1
429,204,0,-1,0,1
430,202,0,2,0,-2
431,202,0,0,0,0
432,203,0,-1,0,1
433,204,0,-1,0,1
434,204,0,0,0,0
435,204,0,0,0,0
436,204,0,0,0,0
437,204,0,0,0,0
438,202,0,2,0,-2
439,201,0,1,0,-1
440,201,0,0,0,0
441,202,0,-1,0,1
442,203,0,-1,0,1
443,202,0,1,0,-1
444,203,0,-1,0,1
445,204,0,-1,0,1
446,204,0,0,0,0
447,203,0,1,0,-1
448,201,0,2,0,-2
449,200,1,1,0,-1
450,200,0,0,0,0
451,200,0,0,0,0
452,201,0,-1,0,1
453,200,0,1,0,-1
454,199,0,1,0,-1
455,199,0,0,0,0
456,199,0,0,0,0
457,200,0,-1,0,1
458,200,0,0,0,0
459,200,0,0,0,0
460,200,0,0,0,0
461,199,0,1,0,-1
462,198,0,1,0,-1
463,200,0,-2,0,2
464,198,0,2,0,-2
465,198,0,0,0,0
466,198,0,0,0,0
467,197,0,1,0,-1
468,198,0,-1,0,1
469,197,1,1,0,-1
470,197,0,0,0,0
471,198,0,-1,0,1
472,200,0,0,2,2
473,199,0,1,0,-1
474,200,0,-1,0,1
475,200,0,0,0,0
476,200,0,0,0,0
477,199,0,1,0,-1
478,199,0,0,0,0
479,199,0,0,0,0
480,199,0,0,0,0
481,199,0,0,0,0
482,199,0,0,0,0
483,199,0,0,0,0
484,199,0,0,0,0
485,199,0,0,0,0
486,199,0,0,0,0
487,199,0,2,2,0
488,198,0,1,0,-1
489,198,0,0,0,0
490,199,0,1,2,1
491,200,0,-1,0,1
492,198,0,2,0,-2
493,198,0,0,0,0
494,197,0,1,0,-1
495,198,0,-1,0,1
496,198,0,0,0,0
497,197,1,1,0,-1
498,198,0,1,2,1
499,198,0,0,0,0
500,197,0,1,0,-1
501,195,0,2,0,-2
502,194,0,1,0,-1
503,194,0,0,0,0
504,194,0,0,0,0
505,195,0,-1,0,1
506,193,0,2,0,-2
507,192,0,1,0,-1
508,192,0,0,0,0
509,189,0,3,0,-3
510,189,0,0,0,0
511,188,0,1,0,-1
512,187,0,1,0,-1
513,188,0,-1,0,1
514,188,0,0,0,0
515,188,0,0,0,0
516,189,0,-1,0,1
517,192,0,-3,0,3
518,193,0,1,2,1
519,191,0,2,0,-2
520,191,0,0,0,0
521,191,1,2,2,0
522,192,0,-1,0,1
523,191,0,1,0,-1
524,191,0,0,0,0
525,191,0,0,0,0
526,191,0,0,0,0
527,192,0,-1,0,1
528,191,0,1,0,-1
529,192,0,-1,0,1
530,192,0,0,0,0
531,192,0,0,0,0
532,192,0,0,0,0
533,192,0,0,0,0
534,192,0,0,0,0
535,192,0,0,0,0
536,192,0,0,0,0
537,192,0,0,0,0
538,192,0,0,0,0
539,193,0,-1,0,1
540,195,0,-2,0,2
541,196,0,-1,0,1
542,197,0,-1,0,1
543,197,0,0,0,0
544,196,0,1,0,-1
545,198,0,-2,0,2
546,198,0,0,0,0
547,198,0,0,0,0
548,197,0,1,0,-1
549,197,0,0,0,0
550,194,0,3,0,-3
551,194,0,0,0,0
552,192,0,2,0,-2
553,193,0,-1,0,1
554,194,0,-1,0,1
555,195,0,1,2,1
556,195,0,0,0,0
557,195,0,2,2,0
558,195,0,0,0,0
559,194,0,1,0,-1
560,195,0,-1,0,1
561,196,0,-1,0,1
562,197,0,-1,0,1
563,197,0,0,0,0
564,197,0,0,0,0
565,197,0,0,0,0
566,198,0,-1,0,1
567,197,0,1,0,-1
568,197,0,0,0,0
569,197,0,0,0,0
570,195,0,2,0,-2
571,193,2,2,0,-2
572,193,0,0,0,0
573,193,0,0,0,0
574,194,0,-1,0,1
575,194,0,0,0,0
576,195,0,-1,0,1
577,195,0,0,0,0
578,195,0,0,0,0
579,196,0,-1,0,1
580,196,0,0,0,0
581,196,0,0,0,0
582,196,0,0,0,0
583,196,0,0,0,0
584,197,0,-1,0,1
585,197,0,0,0,0
586,196,1,3,2,-1
587,196,0,0,0,0
588,197,0,-1,0,1
589,198,0,-1,0,1
590,199,0,-1,0,1
591,199,0,0,0,0
592,198,2,1,0,-1
593,198,0,0,0,0
594,198,0,0,0,0
595,198,0,0,0,0
596,198,0,0,0,0
597,199,0,-1,0,1
598,198,0,1,0,-1
599,198,1,0,0,0
600,199,0,-1,0,1
601,198,0,1,0,-1
602,198,0,0,0,0
603,198,0,0,0,0
604,197,0,1,0,-1
605,197,0,0,0,0
606,197,0,0,0,0
607,196,0,1,0,-1
608,195,1,1,0,-1
609,194,0,1,0,-1
610,194,0,0,0,0
611,194,0,0,0,0
612,196,0,0,2,2
613,195,0,1,0,-1
614,194,0,1,0,-1
615,195,0,-1,0,1
616,196,0,-1,0,1
617,195,0,1,0,-1
618,195,0,0,0,0
619,194,0,1,0,-1
620,193,0,1,0,-1
621,192,0,1,0,-1
622,192,0,0,0,0
623,191,0,1,0,-1
624,191,0,0,0,0
625,191,0,0,0,0
626,191,0,0,0,0
627,191,0,0,0,0
628,187,1,4,0,-4
629,186,1,1,0,-1
630,187,0,1,2,1
631,187,0,0,0,0
632,189,0,-2,0,2
633,190,0,-1,0,1
634,191,0,-1,0,1
635,191,0,0,0,0
636,191,0,0,0,0
637,192,0,-1,0,1
638,192,0,0,0,0
639,190,0,2,0,-2
640,191,0,-1,0,1
641,191,0,0,0,0
642,190,0,1,0,-1
643,189,0,1,0,-1
644,189,0,0,0,0
645,188,0,1,0,-1
646,187,0,1,0,-1
647,186,0,1,0,-1
648,186,0,0,0,0
649,187,0,-1,0,1
650,188,0,-1,0,1
651,188,0,0,0,0
652,188,0,0,0,0
653,188,0,0,0,0
654,187,0,1,0,-1
655,187,0,0,0,0
656,189,0,0,2,2
657,189,0,0,0,0
658,190,0,-1,0,1
659,190,0,0,0,0
660,190,0,0,0,0
661,190,0,0,0,0
662,191,0,-1,0,1
663,192,0,-1,0,1
664,193,0,-1,0,1
665,193,0,0,0,0
666,194,0,-1,0,1
667,193,0,1,0,-1
668,194,0,-1,0,1
669,194,0,0,0,0
670,191,1,3,0,-3
671,191,0,0,0,0
672,193,0,0,2,2
673,192,0,1,0,-1
674,191,0,1,0,-1
675,191,0,0,0,0
676,191,0,0,0,0
677,191,0,0,0,0
678,191,0,0,0,0
679,190,0,1,0,-1
680,191,0,-1,0,1
681,191,0,0,0,0
682,191,0,0,0,0
683,191,0,0,0,0
684,191,0,0,0,0
685,189,0,2,0,-2
686,188,0,1,0,-1
687,189,0,-1,0,1
688,190,0,1,2,1
689,189,0,1,0,-1
690,189,1,0,0,0
691,191,0,0,2,2
692,193,0,-2,0,2
693,194,0,-1,0,1
694,194,0,0,0,0
695,194,0,0,0,0
696,194,0,2,2,0
697,193,0,1,0,-1
698,193,0,0,0,0
699,195,0,-2,0,2
700,196,0,-1,0,1
701,196,0,0,0,0
702,196,0,0,0,0
703,195,0,1,0,-1
704,195,0,0,0,0
705,197,0,-2,0,2
706,197,0,2,2,0
707,197,0,0,0,0
708,197,0,0,0,0
709,197,0,0,0,0
710,196,1,1,0,-1
711,197,0,-1,0,1
712,198,0,1,2,1
713,197,0,1,0,-1
714,199,0,0,2,2
715,200,1,1,2,1
716,199,0,1,0,-1
717,199,0,0,0,0
718,199,0,0,0,0
719,198,0,1,0,-1
720,201,0,-3,0,3
721,202,0,-1,0,1
722,202,0,0,0,0
723,201,0,1,0,-1
724,199,0,2,0,-2
725,199,0,0,0,0
726,198,0,1,0,-1
727,197,1,1,0,-1
728,196,0,1,0,-1
729,194,0,2,0,-2
