,kyon_nums,captured_kyons,dead_kyons,born_kyons,increase
0,251,0,0,1,1
1,255,0,0,2,4
2,260,0,0,0,5
3,259,0,0,0,-1
4,264,0,0,0,5
5,272,0,0,1,8
6,278,0,0,0,6
7,278,0,0,0,0
8,287,0,0,1,9
9,290,0,0,0,3
10,297,0,0,0,7
11,299,1,0,2,2
12,303,0,0,0,4
13,308,1,0,1,5
14,307,0,0,0,-1
15,311,0,0,0,4
16,314,0,0,0,3
17,318,1,0,1,4
18,317,0,0,0,-1
19,325,1,0,0,8
20,327,0,0,1,2
21,327,0,0,0,0
22,327,0,0,0,0
23,335,0,0,3,8
24,338,0,0,1,3
25,341,0,0,1,3
26,341,0,0,1,0
27,340,1,0,1,-1
28,339,1,0,0,-1
29,342,0,0,0,3
30,344,0,0,0,2
31,348,0,0,1,4
32,349,1,0,0,1
33,354,0,0,0,5
34,355,0,0,0,1
35,357,1,0,3,2
36,362,0,0,0,5
37,362,0,0,0,0
38,359,0,0,0,-3
39,361,0,0,0,2
40,365,0,0,0,4
41,369,0,0,1,4
42,373,0,0,0,4
43,377,0,0,1,4
44,380,0,0,0,3
45,382,0,0,0,2
46,384,0,0,1,2
47,386,1,0,1,2
48,387,1,0,0,1
49,386,0,0,0,-1
50,389,0,0,1,3
51,394,0,0,3,5
52,396,0,0,0,2
53,402,0,0,1,6
54,403,0,0,1,1
55,404,0,0,1,1
56,409,0,0,2,5
57,412,0,0,0,3
58,417,0,0,1,5
59,416,1,1,0,-1
60,416,0,0,0,0
61,419,0,0,1,3
62,415,0,0,0,-4
63,416,0,0,0,1
64,419,0,0,0,3
65,420,0,0,0,1
66,419,0,0,0,-1
67,419,0,0,0,0
68,421,0,0,0,2
69,416,0,0,0,-5
70,417,0,0,0,1
71,416,0,0,0,-1
72,415,2,0,0,-1
73,415,2,0,0,0
74,417,0,0,0,2
75,418,0,0,0,1
76,419,0,0,0,1
77,418,0,0,0,-1
78,419,0,0,0,1
79,417,0,0,0,-2
80,416,0,0,0,-1
81,418,0,0,1,2
82,421,0,0,1,3
83,422,0,0,0,1
84,420,0,0,0,-2
85,424,0,0,0,4
86,426,0,0,0,2
87,426,0,0,1,0
88,427,0,0,0,1
89,427,0,0,0,0
90,429,0,0,0,2
91,428,0,0,0,-1
92,429,1,0,0,1
93,427,0,0,1,-2
94,427,0,0,1,0
95,425,1,0,0,-2
96,427,0,0,1,2
97,426,0,0,0,-1
98,426,0,0,0,0
99,427,0,0,0,1
100,425,0,0,1,-2
101,430,0,0,3,5
102,434,0,0,1,4
103,433,0,0,0,-1
104,434,0,0,1,1
105,435,0,0,0,1
106,432,1,0,1,-3
107,431,0,0,0,-1
108,429,0,0,1,-2
109,428,0,0,0,-1
110,428,0,0,0,0
111,427,0,0,0,-1
112,427,0,0,0,0
113,427,0,0,0,0
114,429,0,0,0,2
115,427,1,0,0,-2
116,425,1,0,0,-2
117,423,0,0,0,-2
118,422,0,0,0,-1
119,421,1,0,0,-1
120,419,1,0,0,-2
121,419,0,0,1,0
122,419,0,0,0,0
123,420,0,0,0,1
124,422,0,0,1,2
125,420,0,0,0,-2
126,423,0,0,0,3
127,422,1,0,1,-1
128,422,0,0,0,0
129,423,0,0,0,1
130,421,1,0,0,-2
131,422,0,0,0,1
132,418,0,0,0,-4
133,417,1,0,0,-1
134,418,0,0,0,1
135,418,1,0,0,0
136,416,0,0,0,-2
137,417,0,0,0,1
138,417,0,0,1,0
139,415,1,0,0,-2
140,415,0,0,0,0
141,413,0,0,0,-2
142,411,0,0,0,-2
143,410,0,0,1,-1
144,408,1,0,0,-2
145,408,1,0,0,0
146,408,0,0,0,0
147,409,0,0,0,1
148,412,0,0,0,3
149,411,1,0,0,-1
150,413,0,0,0,2
151,414,0,0,0,1
152,419,0,0,2,5
153,419,0,0,0,0
154,416,0,0,0,-3
155,412,2,0,0,-4
156,412,0,0,0,0
157,411,0,0,0,-1
158,411,0,0,0,0
159,409,0,0,0,-2
160,404,1,0,0,-5
161,404,0,0,0,0
162,403,0,0,0,-1
163,402,0,0,0,-1
164,402,0,0,0,0
165,403,0,0,1,1
166,401,0,0,0,-2
167,401,0,0,0,0
168,402,0,0,0,1
169,405,0,0,0,3
170,405,0,0,1,0
171,405,0,0,0,0
172,407,0,0,0,2
173,409,0,0,0,2
174,412,0,0,0,3
175,411,0,0,0,-1
176,409,0,0,0,-2
177,409,0,0,0,0
178,407,0,0,0,-2
179,406,0,0,0,-1
180,405,0,0,0,-1
181,408,0,0,0,3
182,407,0,0,0,-1
183,405,0,0,0,-2
184,404,0,0,0,-1
185,402,0,0,0,-2
186,404,0,0,0,2
187,399,0,0,0,-5
188,397,0,0,0,-2
189,397,0,0,0,0
190,396,1,0,1,-1
191,396,0,0,0,0
192,395,0,0,0,-1
193,396,0,0,0,1
194,397,0,0,0,1
195,397,0,0,0,0
196,397,0,0,0,0
197,397,0,0,0,0
198,398,0,0,0,1
199,398,0,0,0,0
200,399,0,0,2,1
201,401,0,0,0,2
202,399,0,0,0,-2
203,400,0,0,0,1
204,399,0,0,0,-1
205,398,0,0,1,-1
206,395,0,0,0,-3
207,397,0,0,0,2
208,397,0,0,0,0
209,398,0,0,0,1
210,398,0,0,1,0
211,397,0,0,0,-1
212,398,0,0,1,1
213,399,0,0,0,1
214,401,0,0,1,2
215,403,0,0,2,2
216,406,0,0,0,3
217,405,0,0,0,-1
218,407,0,0,0,2
219,408,0,0,0,1
220,410,0,0,0,2
221,410,1,0,1,0
222,409,0,0,0,-1
223,410,0,0,0,1
224,410,0,0,0,0
225,409,0,0,0,-1
226,406,1,0,0,-3
227,408,0,0,0,2
228,407,0,0,0,-1
229,408,0,0,0,1
230,410,0,0,0,2
231,411,0,0,0,1
232,408,1,1,0,-3
233,408,0,0,0,0
234,411,0,0,1,3
235,408,1,0,0,-3
236,405,0,0,0,-3
237,403,0,0,0,-2
238,403,1,0,1,0
239,400,0,0,1,-3
240,400,0,0,0,0
241,399,0,0,0,-1
242,397,0,0,0,-2
243,399,0,0,0,2
244,403,0,0,1,4
245,404,0,0,0,1
246,405,0,0,0,1
247,409,0,0,1,4
248,408,0,0,0,-1
249,413,0,0,0,5
250,415,0,0,1,2
251,417,0,0,0,2
252,417,0,0,0,0
253,417,0,0,0,0
254,418,0,0,1,1
255,419,1,0,3,1
256,420,0,0,0,1
257,422,0,0,0,2
258,423,0,0,0,1
259,425,0,0,0,2
260,430,0,0,0,5
261,432,0,1,1,2
262,435,0,0,1,3
263,438,0,0,0,3
264,442,0,0,0,4
265,442,0,0,0,0
266,445,0,0,0,3
267,444,0,0,0,-1
268,446,0,0,1,2
269,450,0,0,0,4
270,453,0,0,0,3
271,452,0,0,0,-1
272,453,1,0,1,1
273,454,0,0,0,1
274,462,0,0,3,8
275,462,0,0,0,0
276,464,0,0,0,2
277,466,0,0,1,2
278,464,0,0,0,-2
279,465,0,0,0,1
280,466,0,0,0,1
281,470,0,0,1,4
282,470,0,0,0,0
283,472,0,0,1,2
284,471,0,0,0,-1
285,477,1,0,0,6
286,477,0,0,0,0
287,482,0,0,0,5
288,479,0,1,0,-3
289,486,0,0,1,7
290,485,0,0,0,-1
291,488,0,0,1,3
292,487,1,0,0,-1
293,488,0,0,0,1
294,486,0,0,0,-2
295,486,1,0,0,0
296,489,0,0,1,3
297,491,0,0,0,2
298,496,0,0,1,5
299,499,0,0,2,3
300,500,0,0,1,1
301,500,1,0,1,0
302,500,0,0,0,0
303,498,0,0,0,-2
304,499,0,0,1,1
305,500,0,0,0,1
306,499,0,0,0,-1
307,500,0,0,0,1
308,500,0,0,0,0
309,503,0,0,0,3
310,508,1,0,0,5
311,506,0,0,1,-2
312,508,0,0,1,2
313,508,0,1,0,0
314,510,0,0,0,2
315,510,0,0,0,0
316,509,1,0,0,-1
317,513,0,0,0,4
318,516,0,0,1,3
319,520,0,0,0,4
320,521,0,0,0,1
321,523,1,0,1,2
322,521,0,0,0,-2
323,523,1,0,0,2
324,521,0,0,0,-2
325,521,0,0,0,0
326,522,0,0,0,1
327,524,0,0,0,2
328,527,0,0,1,3
329,531,0,0,0,4
330,532,0,0,0,1
331,537,0,0,0,5
332,537,0,0,0,0
333,539,0,0,0,2
334,543,0,0,0,4
335,545,0,0,0,2
336,544,1,0,0,-1
337,547,0,0,0,3
338,547,0,0,0,0
339,547,0,0,0,0
340,548,1,0,1,1
341,548,0,0,0,0
342,552,0,0,0,4
343,551,0,0,1,-1
344,554,0,0,1,3
345,560,0,0,1,6
346,560,0,0,0,0
347,562,0,0,1,2
348,564,0,0,0,2
349,567,0,0,0,3
350,568,0,0,1,1
351,568,0,0,1,0
352,567,0,0,0,-1
353,564,0,0,1,-3
354,565,0,0,0,1
355,568,0,0,1,3
356,567,0,0,0,-1
357,565,0,0,0,-2
358,563,0,0,0,-2
359,567,0,0,1,4
360,565,1,0,1,-2
361,567,0,0,0,2
362,568,0,0,1,1
363,564,1,0,0,-4
364,567,0,0,0,3
365,566,3,0,1,-1
366,567,0,0,0,1
367,564,1,0,0,-3
368,567,0,0,0,3
369,570,0,0,1,3
370,569,0,0,0,-1
371,568,0,0,0,-1
372,569,0,0,1,1
373,571,1,0,0,2
374,568,0,0,0,-3
375,567,0,0,0,-1
376,565,1,1,0,-2
377,565,0,0,0,0
378,564,1,0,1,-1
379,564,0,0,1,0
380,562,1,0,0,-2
381,559,1,0,0,-3
382,561,0,0,0,2
383,561,0,0,0,0
384,563,0,0,0,2
385,563,0,0,0,0
386,565,0,0,1,2
387,566,0,0,0,1
388,569,0,0,1,3
389,568,0,0,0,-1
390,567,1,0,0,-1
391,568,0,0,0,1
392,568,0,0,0,0
393,568,0,0,0,0
394,569,0,0,0,1
395,568,1,0,1,-1
396,570,0,0,0,2
397,567,0,0,0,-3
398,568,0,0,0,1
399,566,0,0,1,-2
400,568,1,0,0,2
401,569,1,0,2,1
402,569,0,0,0,0
403,572,0,0,0,3
404,570,0,0,1,-2
405,573,0,0,0,3
406,574,0,0,0,1
407,578,0,0,1,4
408,579,1,0,1,1
409,575,0,0,0,-4
410,573,0,0,0,-2
411,575,0,0,0,2
412,580,0,0,1,5
413,582,0,0,0,2
414,584,0,0,0,2
415,583,0,0,0,-1
416,584,1,0,0,1
417,585,1,0,0,1
418,586,0,0,0,1
419,591,0,0,0,5
420,592,0,0,0,1
421,593,0,0,0,1
422,592,0,0,1,-1
423,592,0,0,0,0
424,589,1,0,0,-3
425,589,1,0,0,0
426,589,0,0,0,0
427,590,0,0,0,1
428,589,0,0,0,-1
429,587,1,0,1,-2
430,590,0,0,0,3
431,591,0,0,0,1
432,591,0,0,0,0
433,590,0,0,0,-1
434,588,0,0,0,-2
435,586,0,0,0,-2
436,591,0,0,2,5
437,591,1,0,0,0
438,592,0,0,1,1
439,596,0,0,0,4
440,600,0,0,0,4
441,604,0,0,0,4
442,607,0,0,0,3
443,608,0,0,1,1
444,608,0,0,0,0
445,603,1,0,1,-5
446,602,0,0,0,-1
447,604,0,0,0,2
448,605,0,0,1,1
449,610,0,0,0,5
450,607,0,0,0,-3
451,610,0,0,1,3
452,610,0,0,0,0
453,610,1,0,0,0
454,613,0,0,1,3
455,614,1,0,0,1
456,620,1,0,1,6
457,622,0,0,1,2
458,621,1,1,1,-1
459,621,1,0,0,0
460,623,0,0,0,2
461,631,0,0,1,8
462,633,0,0,0,2
463,634,0,0,1,1
464,637,0,0,0,3
465,639,0,1,0,2
466,642,2,0,0,3
467,643,0,0,0,1
468,641,1,0,1,-2
469,640,0,0,0,-1
470,643,0,0,2,3
471,641,0,0,0,-2
472,645,0,0,0,4
473,647,0,0,0,2
474,647,1,0,0,0
475,653,0,0,1,6
476,655,0,0,0,2
477,661,0,0,0,6
478,664,1,0,0,3
479,666,1,0,0,2
480,670,0,0,2,4
481,673,1,0,0,3
482,676,0,0,1,3
483,680,0,0,2,4
484,684,0,0,0,4
485,681,0,1,1,-3
486,687,0,0,2,6
487,693,0,0,1,6
488,696,0,0,1,3
489,699,0,0,0,3
490,701,0,0,1,2
491,703,1,0,2,2
492,702,0,0,0,-1
493,704,0,0,0,2
494,704,0,0,0,0
495,709,0,0,1,5
496,708,1,0,1,-1
497,708,0,0,0,0
498,711,2,0,1,3
499,713,1,0,2,2
500,714,0,0,1,1
501,717,0,0,0,3
502,720,0,0,1,3
503,724,0,0,0,4
504,727,0,0,1,3
505,729,0,0,1,2
506,727,2,0,0,-2
507,728,0,0,0,1
508,732,0,0,0,4
509,735,0,0,0,3
510,742,0,0,1,7
511,745,0,0,0,3
512,750,0,0,1,5
513,749,0,0,0,-1
514,748,2,0,2,-1
515,746,1,0,0,-2
516,746,1,0,0,0
517,748,0,0,0,2
518,757,0,0,2,9
519,757,0,0,0,0
520,762,0,0,1,5
521,761,0,0,0,-1
522,766,0,0,1,5
523,764,0,0,0,-2
524,770,0,0,2,6
525,770,0,0,0,0
526,773,0,0,0,3
527,771,0,0,0,-2
528,775,0,0,0,4
529,780,0,0,0,5
530,781,1,0,0,1
531,784,0,0,1,3
532,783,0,0,0,-1
533,790,0,0,0,7
534,793,1,0,0,3
535,798,1,0,1,5
536,799,0,0,0,1
537,803,0,0,0,4
538,806,0,0,1,3
539,810,1,0,1,4
540,814,0,0,0,4
541,814,0,0,1,0
542,817,0,0,2,3
543,815,0,0,0,-2
544,819,1,0,0,4
545,824,0,0,0,5
546,828,0,0,0,4
547,834,0,0,0,6
548,839,0,0,1,5
549,838,0,0,0,-1
550,837,0,0,0,-1
551,839,0,0,0,2
552,840,1,0,0,1
553,848,1,0,2,8
554,851,0,0,0,3
555,855,1,0,1,4
556,858,2,0,2,3
557,860,1,0,1,2
558,861,1,0,1,1
559,866,0,0,1,5
560,870,0,0,1,4
561,875,0,0,1,5
562,880,0,0,1,5
563,886,0,0,1,6
564,889,0,0,1,3
565,895,1,0,1,6
566,897,0,0,1,2
567,900,0,0,2,3
568,904,0,0,0,4
569,909,1,0,1,5
570,918,0,0,1,9
571,922,0,0,0,4
572,922,1,0,1,0
573,923,1,0,1,1
574,919,0,0,1,-4
575,920,0,0,1,1
576,924,0,0,0,4
577,927,0,0,0,3
578,924,2,0,2,-3
579,925,2,0,2,1
580,933,1,0,4,8
581,935,0,0,0,2
582,943,0,0,0,8
583,943,2,0,0,0
584,946,1,0,0,3
585,949,0,0,0,3
586,949,0,0,0,0
587,951,0,0,0,2
588,948,0,0,0,-3
589,952,0,0,0,4
590,959,1,0,1,7
591,961,1,0,0,2
592,961,1,0,0,0
593,958,0,0,0,-3
594,961,0,0,1,3
595,966,0,0,1,5
596,973,0,0,1,7
597,980,0,0,0,7
598,986,0,0,2,6
599,989,0,0,1,3
600,994,1,0,1,5
601,998,1,0,1,4
602,1002,0,0,1,4
603,999,1,0,2,-3
604,1001,0,0,1,2
605,1005,0,0,1,4
606,1009,0,0,0,4
607,1012,1,0,2,3
608,1008,0,0,0,-4
609,1013,0,0,1,5
610,1016,0,0,1,3
611,1020,0,0,0,4
612,1017,1,0,0,-3
613,1019,1,1,0,2
614,1024,0,0,1,5
615,1026,0,0,0,2
616,1030,0,0,1,4
617,1028,1,0,0,-2
618,1029,1,0,0,1
619,1026,2,0,0,-3
620,1031,0,0,1,5
621,1032,0,0,0,1
622,1036,0,0,2,4
623,1042,0,0,3,6
624,1048,0,0,1,6
625,1051,0,0,1,3
626,1055,1,0,0,4
627,1058,1,0,0,3
628,1060,0,0,1,2
629,1060,1,0,0,0
630,1059,0,0,0,-1
631,1062,0,0,2,3
632,1063,0,0,0,1
633,1071,0,0,0,8
634,1074,0,0,2,3
635,1079,0,0,2,5
636,1085,0,1,0,6
637,1087,0,1,1,2
638,1097,0,0,3,10
639,1100,0,0,0,3
640,1102,0,0,1,2
641,1104,1,0,0,2
642,1110,0,0,1,6
643,1114,0,0,0,4
644,1115,0,0,1,1
645,1112,0,0,0,-3
646,1117,0,0,1,5
647,1126,0,0,1,9
648,1130,0,0,0,4
649,1133,0,0,2,3
650,1142,2,0,1,9
651,1150,0,0,1,8
652,1154,0,0,0,4
653,1155,0,0,2,1
654,1159,0,0,2,4
655,1159,1,0,1,0
656,1163,0,0,0,4
657,1159,1,0,1,-4
658,1164,0,0,0,5
659,1167,0,0,2,3
660,1171,0,0,1,4
661,1176,0,0,0,5
662,1184,0,0,3,8
663,1186,1,0,0,2
664,1187,1,0,1,1
665,1191,0,0,2,4
666,1192,0,0,0,1
667,1196,0,0,2,4
668,1198,1,0,1,2
669,1209,0,0,2,11
670,1211,0,0,0,2
671,1213,1,0,3,2
672,1209,0,0,1,-4
673,1215,0,0,1,6
674,1224,0,0,0,9
675,1224,0,0,0,0
676,1235,0,0,1,11
677,1243,0,0,2,8
678,1245,0,0,2,2
679,1246,4,0,1,1
680,1256,1,0,3,10
681,1256,0,0,1,0
682,1262,0,0,0,6
683,1264,0,0,0,2
684,1264,0,0,0,0
685,1266,0,0,0,2
686,1266,0,0,0,0
687,1273,0,0,0,7
688,1281,0,0,1,8
689,1285,0,0,1,4
690,1298,1,0,3,13
691,1301,0,0,1,3
692,1297,2,0,0,-4
693,1297,1,0,2,0
694,1301,1,0,2,4
695,1304,0,0,0,3
696,1310,1,0,1,6
697,1309,1,0,0,-1
698,1309,0,0,0,0
699,1313,1,0,2,4
700,1322,1,0,0,9
701,1324,0,0,1,2
702,1329,2,0,2,5
703,1335,0,0,0,6
704,1335,0,0,0,0
705,1334,1,0,1,-1
706,1338,0,0,0,4
707,1339,0,0,0,1
708,1343,0,0,1,4
709,1349,1,0,1,6
710,1354,0,0,2,5
711,1358,0,0,0,4
712,1365,1,0,1,7
713,1367,0,0,2,2
714,1369,2,0,0,2
715,1380,0,0,2,11
716,1388,0,0,1,8
717,1394,1,0,1,6
718,1397,0,0,1,3
719,1401,0,0,1,4
720,1403,0,0,1,2
721,1405,2,0,3,2
722,1406,2,0,2,1
723,1407,0,0,0,1
724,1411,1,0,0,4
725,1421,0,0,5,10
726,1424,1,0,1,3
727,1430,0,0,0,6
728,1437,0,0,0,7
729,1442,1,0,1,5
