,kyon_nums,captured_kyons,dead_kyons,born_kyons,increase
0,250,1,0,1,0
1,260,0,0,0,10
2,262,1,0,0,2
3,273,0,0,2,11
4,285,0,0,2,12
5,283,1,0,0,-2
6,290,0,0,2,7
7,299,0,0,2,9
8,305,0,0,0,6
9,314,0,0,0,9
10,318,0,0,1,4
11,319,0,0,1,1
12,319,2,0,3,0
13,327,0,0,0,8
14,331,0,0,2,4
15,336,0,0,1,5
16,335,1,0,0,-1
17,341,1,0,2,6
18,350,0,0,5,9
19,352,1,0,0,2
20,352,1,0,0,0
21,354,0,0,2,2
22,358,0,0,0,4
23,364,1,0,0,6
24,367,0,0,0,3
25,371,0,0,3,4
26,377,0,0,0,6
27,379,2,0,0,2
28,381,0,0,1,2
29,385,0,0,1,4
30,390,0,0,1,5
31,395,0,0,0,5
32,397,0,0,0,2
33,399,1,0,2,2
34,398,1,0,0,-1
35,402,1,0,2,4
36,401,0,0,0,-1
37,404,0,0,1,3
38,405,0,0,0,1
39,405,1,0,1,0
40,410,1,0,2,5
41,413,0,0,1,3
42,420,0,0,1,7
43,424,1,0,1,4
44,422,0,0,0,-2
45,425,1,0,0,3
46,428,0,0,1,3
47,427,0,0,0,-1
48,430,0,0,1,3
49,432,0,0,0,2
50,433,0,0,0,1
51,431,0,0,0,-2
52,434,0,0,1,3
53,436,0,0,0,2
54,436,0,0,0,0
55,438,0,0,0,2
56,437,3,0,1,-1
57,442,1,0,2,5
58,444,0,0,1,2
59,447,0,0,1,3
60,448,1,0,0,1
61,448,1,0,2,0
62,451,0,0,0,3
63,453,1,0,1,2
64,456,1,0,0,3
65,457,2,0,1,1
66,452,1,0,0,-5
67,452,1,0,0,0
68,454,0,0,1,2
69,452,0,0,0,-2
70,450,0,0,0,-2
71,449,0,0,0,-1
72,449,0,0,0,0
73,446,0,0,0,-3
74,447,2,0,1,1
75,447,0,0,2,0
76,446,0,0,0,-1
77,444,0,1,0,-2
78,445,1,0,0,1
79,444,0,1,0,-1
80,447,0,0,0,3
81,443,0,0,0,-4
82,440,0,0,0,-3
83,439,0,0,0,-1
84,439,0,0,0,0
85,441,0,0,0,2
86,440,0,0,0,-1
87,440,0,0,0,0
88,442,1,0,0,2
89,445,0,0,0,3
90,448,0,0,1,3
91,448,1,0,0,0
92,449,0,0,0,1
93,449,0,0,0,0
94,449,0,0,0,0
95,448,0,0,1,-1
96,444,1,0,0,-4
97,443,0,0,0,-1
98,448,0,0,0,5
99,449,0,0,0,1
100,450,0,0,2,1
101,450,0,0,0,0
102,452,1,0,0,2
103,452,0,0,0,0
104,448,1,0,0,-4
105,450,0,0,0,2
106,446,1,0,0,-4
107,447,0,0,0,1
108,449,1,0,0,2
109,451,0,0,1,2
110,452,0,0,1,1
111,453,0,0,1,1
112,453,0,0,1,0
113,452,0,0,0,-1
114,448,1,0,0,-4
115,452,0,0,1,4
116,451,0,0,0,-1
117,451,0,0,1,0
118,450,1,0,0,-1
119,446,0,1,0,-4
120,444,1,0,0,-2
121,443,0,0,0,-1
122,439,1,0,0,-4
123,440,0,0,0,1
124,440,0,0,0,0
125,442,0,0,1,2
126,441,0,0,0,-1
127,441,0,0,0,0
128,441,0,0,0,0
129,438,0,0,0,-3
130,437,0,0,0,-1
131,439,0,0,0,2
132,438,0,0,0,-1
133,437,0,0,0,-1
134,435,1,0,2,-2
135,436,0,0,1,1
136,436,0,0,0,0
137,434,0,0,0,-2
138,433,0,0,0,-1
139,434,0,0,0,1
140,432,0,0,0,-2
141,430,0,0,0,-2
142,427,1,0,0,-3
143,429,0,0,1,2
144,426,1,0,0,-3
145,426,1,0,0,0
146,424,1,0,1,-2
147,425,0,0,0,1
148,425,1,0,0,0
149,426,0,0,1,1
150,425,1,0,1,-1
151,427,0,0,0,2
152,426,0,0,0,-1
153,424,1,0,0,-2
154,423,0,0,0,-1
155,421,1,0,0,-2
156,418,0,0,0,-3
157,416,0,0,0,-2
158,414,1,0,0,-2
159,411,1,0,0,-3
160,412,0,0,0,1
161,414,0,0,0,2
162,415,0,0,0,1
163,412,0,0,0,-3
164,415,0,0,1,3
165,412,0,0,0,-3
166,411,0,0,0,-1
167,410,0,0,0,-1
168,410,0,0,0,0
169,410,0,0,0,0
170,411,0,0,0,1
171,410,0,0,0,-1
172,410,1,0,1,0
173,412,0,0,0,2
174,413,0,0,0,1
175,412,0,0,0,-1
176,408,0,0,0,-4
177,407,0,0,0,-1
178,408,0,0,0,1
179,405,1,0,0,-3
180,403,0,0,0,-2
181,403,0,0,0,0
182,403,0,0,0,0
183,406,0,0,0,3
184,407,0,0,0,1
185,405,0,0,0,-2
186,404,0,0,0,-1
187,405,0,0,0,1
188,403,1,0,0,-2
189,404,0,0,0,1
190,407,0,0,0,3
191,408,0,0,0,1
192,407,0,0,0,-1
193,404,0,0,0,-3
194,405,0,0,1,1
195,406,0,0,1,1
196,408,0,0,0,2
197,412,0,0,1,4
198,417,0,0,0,5
199,418,0,0,0,1
200,415,0,0,1,-3
201,415,1,0,0,0
202,418,0,0,1,3
203,419,0,0,0,1
204,420,0,0,0,1
205,420,0,0,0,0
206,421,0,0,0,1
207,423,0,0,1,2
208,420,0,0,0,-3
209,422,1,0,1,2
210,423,0,0,0,1
211,425,0,0,0,2
212,427,0,0,0,2
213,428,0,0,0,1
214,430,0,0,1,2
215,433,0,0,2,3
216,435,0,0,1,2
217,438,1,0,0,3
218,438,1,0,0,0
219,439,1,0,0,1
220,439,1,0,0,0
221,438,0,0,0,-1
222,436,0,0,0,-2
223,436,0,0,0,0
224,436,0,0,0,0
225,438,0,0,0,2
226,438,0,0,1,0
227,440,1,0,0,2
228,437,1,0,0,-3
229,439,1,0,1,2
230,441,0,0,0,2
231,441,0,0,0,0
232,448,1,0,1,7
233,448,0,0,0,0
234,448,1,0,0,0
235,450,0,0,0,2
236,451,1,0,1,1
237,454,0,0,1,3
238,456,0,0,1,2
239,455,0,0,0,-1
240,457,0,0,1,2
241,453,1,0,0,-4
242,454,0,0,1,1
243,458,0,0,0,4
244,458,1,0,2,0
245,460,0,0,0,2
246,463,0,0,0,3
247,461,1,0,0,-2
248,462,1,0,1,1
249,462,1,0,0,0
250,467,1,0,2,5
251,471,0,0,1,4
252,476,0,0,1,5
253,479,0,0,0,3
254,480,0,0,1,1
255,479,0,0,0,-1
256,477,1,0,0,-2
257,480,0,0,1,3
258,484,0,0,0,4
259,483,0,0,0,-1
260,487,0,0,1,4
261,487,0,0,0,0
262,491,0,0,0,4
263,491,0,1,0,0
264,491,0,0,0,0
265,494,1,0,0,3
266,494,0,0,0,0
267,495,0,0,0,1
268,497,0,0,1,2
269,498,0,0,0,1
270,498,1,0,1,0
271,500,0,0,1,2
272,504,0,0,1,4
273,505,0,0,0,1
274,506,2,0,1,1
275,506,0,0,0,0
276,506,0,0,0,0
277,509,1,0,0,3
278,512,0,0,0,3
279,518,0,0,0,6
280,520,0,0,0,2
281,522,1,0,1,2
282,523,0,0,1,1
283,528,0,0,0,5
284,528,0,0,0,0
285,531,0,0,0,3
286,532,0,0,0,1
287,537,0,0,1,5
288,541,0,0,0,4
289,543,0,0,1,2
290,544,0,0,0,1
291,539,2,0,1,-5
292,540,1,0,0,1
293,540,0,0,0,0
294,544,0,0,0,4
295,551,0,0,1,7
296,557,0,0,0,6
297,564,0,0,0,7
298,565,0,0,0,1
299,567,0,0,1,2
300,571,0,0,0,4
301,571,0,0,0,0
302,571,1,0,0,0
303,576,0,0,1,5
304,576,0,0,1,0
305,578,0,0,0,2
306,577,1,0,0,-1
307,578,0,0,0,1
308,580,0,0,0,2
309,583,0,0,1,3
310,583,1,0,1,0
311,585,0,0,2,2
312,588,0,0,0,3
313,592,0,0,2,4
314,594,0,0,1,2
315,596,0,0,0,2
316,599,0,0,0,3
317,603,0,0,1,4
318,603,1,0,0,0
319,606,1,0,0,3
320,606,1,0,0,0
321,605,0,0,0,-1
322,608,1,0,1,3
323,606,0,0,0,-2
324,605,0,0,0,-1
325,604,1,0,0,-1
326,605,0,0,0,1
327,605,0,0,0,0
328,612,0,0,1,7
329,611,0,0,0,-1
330,612,0,0,0,1
331,611,1,0,0,-1
332,613,0,0,0,2
333,616,0,0,1,3
334,618,0,0,0,2
335,619,0,0,1,1
336,627,0,0,0,8
337,629,0,0,0,2
338,629,1,0,0,0
339,632,0,0,1,3
340,633,0,0,0,1
341,639,0,0,1,6
342,642,0,0,0,3
343,641,0,0,0,-1
344,642,0,0,0,1
345,645,0,0,0,3
346,645,0,0,0,0
347,645,0,0,0,0
348,649,1,0,0,4
349,652,0,0,2,3
350,658,0,0,1,6
351,659,0,0,0,1
352,665,1,0,0,6
353,664,0,0,0,-1
354,663,0,0,0,-1
355,664,0,0,0,1
356,664,0,0,0,0
357,665,0,0,1,1
358,666,0,0,0,1
359,670,0,0,0,4
360,671,1,0,0,1
361,667,0,0,0,-4
362,664,1,0,0,-3
363,666,0,0,0,2
364,663,1,0,0,-3
