,kyon_nums,captured_kyons,dead_kyons,born_kyons,increase
0,250,0,1,1,0
1,252,0,1,1,2
2,253,1,0,1,1
3,252,0,0,0,-1
4,249,0,0,0,-3
5,248,0,0,0,-1
6,251,0,1,0,3
7,251,0,0,1,0
8,253,0,0,0,2
9,252,1,0,0,-1
10,251,1,0,0,-1
11,254,0,0,0,3
12,254,1,0,0,0
13,253,0,1,0,-1
14,257,0,0,1,4
15,257,0,0,0,0
16,257,0,0,0,0
17,260,1,1,0,3
18,265,0,0,1,5
19,266,0,0,1,1
20,266,0,0,0,0
21,267,0,0,0,1
22,265,0,0,0,-2
23,267,0,0,0,2
24,265,1,0,0,-2
25,265,1,0,0,0
26,266,0,0,0,1
27,267,1,0,0,1
28,264,0,1,0,-3
29,266,0,0,1,2
30,261,1,0,0,-5
31,260,0,0,0,-1
32,262,0,0,0,2
33,263,0,0,0,1
34,262,1,0,0,-1
35,261,0,0,0,-1
36,261,0,0,0,0
37,263,0,0,0,2
38,263,0,0,0,0
39,261,1,0,0,-2
40,262,0,1,1,1
41,261,0,0,0,-1
42,263,0,0,0,2
43,262,0,0,0,-1
44,260,1,0,0,-2
45,261,0,0,2,1
46,266,0,0,0,5
47,267,1,0,0,1
48,267,0,0,0,0
49,261,1,0,0,-6
50,261,0,0,0,0
51,262,0,0,1,1
52,264,0,0,1,2
53,262,0,0,0,-2
54,265,1,0,0,3
55,262,0,0,0,-3
56,263,0,0,1,1
57,265,0,0,0,2
58,266,0,0,0,1
59,268,0,0,0,2
60,270,0,0,0,2
61,270,0,0,0,0
62,272,0,0,0,2
63,274,0,0,0,2
64,270,1,0,0,-4
65,268,1,0,0,-2
66,266,0,0,0,-2
67,268,0,0,1,2
68,272,0,0,1,4
69,271,0,1,0,-1
70,271,0,0,0,0
71,270,0,0,1,-1
72,270,0,0,0,0
73,268,0,0,0,-2
74,266,0,0,0,-2
75,265,0,0,0,-1
76,266,0,0,0,1
77,269,0,0,0,3
78,270,0,0,0,1
79,272,0,0,0,2
80,268,0,0,0,-4
81,269,0,0,0,1
82,266,1,0,0,-3
83,266,0,0,0,0
84,267,0,0,0,1
85,269,0,0,0,2
86,270,0,0,0,1
87,272,0,0,0,2
88,274,0,0,1,2
89,272,0,0,0,-2
90,270,0,0,0,-2
91,271,0,0,0,1
92,268,0,0,0,-3
93,266,0,0,0,-2
94,266,0,0,0,0
95,265,0,0,0,-1
96,264,0,0,0,-1
97,264,0,0,0,0
98,262,0,0,0,-2
99,262,0,0,0,0
100,261,0,0,0,-1
101,259,0,0,0,-2
102,259,0,0,0,0
103,259,0,0,0,0
104,256,0,0,0,-3
105,256,0,0,0,0
106,252,0,0,0,-4
107,251,1,0,0,-1
108,250,0,0,0,-1
109,249,0,0,0,-1
110,250,0,0,0,1
111,250,0,0,0,0
112,248,0,0,0,-2
113,250,0,0,0,2
114,249,0,0,0,-1
115,248,0,0,0,-1
116,248,0,0,0,0
117,247,0,0,0,-1
118,246,0,0,0,-1
119,247,0,0,1,1
120,246,0,0,0,-1
121,244,0,0,0,-2
122,242,0,1,0,-2
123,245,0,0,1,3
124,244,0,0,0,-1
125,243,0,0,0,-1
126,241,0,0,0,-2
127,243,0,0,0,2
128,243,0,0,0,0
129,238,0,0,0,-5
130,237,0,0,0,-1
131,237,0,0,0,0
132,235,0,0,1,-2
133,236,1,0,1,1
134,232,1,0,0,-4
135,232,0,0,0,0
136,232,0,0,0,0
137,231,0,0,0,-1
138,231,0,0,0,0
139,231,0,0,0,0
140,230,1,0,0,-1
141,229,0,0,0,-1
142,227,0,0,0,-2
143,226,0,0,0,-1
144,225,0,0,1,-1
145,224,0,0,1,-1
146,225,0,0,0,1
147,223,0,0,0,-2
148,218,0,1,0,-5
149,217,0,0,0,-1
150,217,0,0,0,0
151,218,0,0,0,1
152,215,0,0,0,-3
153,215,0,0,0,0
154,216,0,0,0,1
155,212,1,0,0,-4
156,212,0,0,0,0
157,211,0,0,1,-1
158,209,0,0,0,-2
159,210,0,0,0,1
160,212,0,0,0,2
161,213,0,0,0,1
162,212,0,0,0,-1
163,212,0,0,0,0
164,212,0,0,0,0
165,211,0,0,0,-1
166,211,0,0,1,0
167,211,0,0,0,0
168,210,0,0,0,-1
169,208,0,0,0,-2
170,208,0,0,0,0
171,208,0,0,0,0
172,206,0,0,0,-2
173,204,0,1,0,-2
174,203,0,0,0,-1
175,204,0,0,0,1
176,204,0,0,0,0
177,205,0,0,0,1
178,203,0,1,0,-2
179,203,0,0,0,0
180,198,2,0,0,-5
181,197,1,0,0,-1
182,196,0,0,0,-1
183,196,0,0,0,0
184,196,0,0,0,0
185,195,0,0,0,-1
186,197,0,0,0,2
187,198,0,0,1,1
188,195,3,0,0,-3
189,194,0,0,0,-1
190,193,0,0,0,-1
191,192,0,0,0,-1
192,192,1,0,0,0
193,190,0,0,0,-2
194,190,0,0,0,0
195,189,0,0,0,-1
196,189,0,0,0,0
197,187,0,0,0,-2
198,187,0,0,0,0
199,185,0,0,0,-2
200,184,0,0,0,-1
201,187,0,0,1,3
202,187,0,1,0,0
203,187,0,0,0,0
204,186,0,0,0,-1
205,185,1,0,0,-1
206,185,0,0,0,0
207,184,1,0,0,-1
208,186,0,0,0,2
209,188,0,0,0,2
210,187,0,0,0,-1
211,187,1,0,0,0
212,188,0,0,0,1
213,188,0,0,0,0
214,187,0,0,0,-1
215,187,0,0,0,0
216,187,0,0,0,0
217,187,0,0,0,0
218,189,0,0,0,2
219,188,0,0,0,-1
220,186,1,0,0,-2
221,189,0,0,0,3
222,189,0,0,0,0
223,188,0,0,0,-1
224,188,0,0,0,0
225,188,0,0,0,0
226,189,0,0,1,1
227,189,0,0,0,0
228,190,0,0,1,1
229,189,0,0,0,-1
230,189,0,0,0,0
231,189,0,0,0,0
232,190,0,0,1,1
233,191,0,0,1,1
234,191,0,0,0,0
235,188,0,0,0,-3
236,190,0,0,0,2
237,189,0,0,0,-1
238,189,0,0,0,0
239,187,0,1,0,-2
240,189,0,0,0,2
241,190,1,0,0,1
242,190,0,0,0,0
243,188,0,0,0,-2
244,192,0,0,0,4
245,193,0,0,0,1
246,193,0,0,0,0
247,190,0,1,0,-3
248,188,0,0,0,-2
249,189,0,0,0,1
250,186,1,0,0,-3
251,187,0,0,0,1
252,186,0,0,0,-1
253,186,0,0,0,0
254,187,0,0,0,1
255,186,0,0,0,-1
256,189,0,0,0,3
257,189,0,0,0,0
258,191,0,0,1,2
259,192,0,0,0,1
260,193,0,0,1,1
261,193,0,0,0,0
262,193,0,0,0,0
263,193,0,0,0,0
264,193,0,0,0,0
265,192,0,0,0,-1
266,192,0,0,0,0
267,194,0,0,0,2
268,195,0,0,1,1
269,196,0,0,0,1
270,196,0,0,0,0
271,199,0,0,1,3
272,198,1,0,0,-1
273,199,0,0,0,1
274,200,0,0,0,1
275,199,0,0,0,-1
276,199,0,0,0,0
277,197,0,0,0,-2
278,198,0,0,0,1
279,197,0,0,0,-1
280,196,0,0,0,-1
281,197,0,0,0,1
282,197,0,0,0,0
283,196,0,0,0,-1
284,196,0,0,0,0
285,195,0,0,1,-1
286,197,0,0,0,2
287,196,0,0,0,-1
288,197,0,0,0,1
289,196,0,0,0,-1
290,195,1,0,0,-1
291,194,0,0,0,-1
292,192,0,0,0,-2
293,194,0,0,0,2
294,193,0,0,1,-1
295,197,0,0,0,4
296,195,0,0,0,-2
297,194,0,0,0,-1
298,194,0,0,0,0
299,193,0,0,0,-1
300,194,0,0,0,1
301,191,0,0,0,-3
302,189,0,0,1,-2
303,190,0,0,1,1
304,190,0,0,0,0
305,189,0,0,0,-1
306,189,0,0,1,0
307,188,0,0,0,-1
308,186,0,0,0,-2
309,186,0,0,0,0
310,186,0,0,0,0
311,186,0,0,0,0
312,185,0,0,0,-1
313,185,0,0,0,0
314,185,0,0,0,0
315,186,0,0,0,1
316,186,0,0,0,0
317,187,0,0,0,1
318,187,0,0,0,0
319,186,0,0,0,-1
320,184,0,0,0,-2
321,187,0,0,1,3
322,186,0,0,0,-1
323,186,0,0,1,0
324,185,0,0,0,-1
325,186,0,0,0,1
326,185,0,0,0,-1
327,185,0,0,0,0
328,186,0,0,0,1
329,187,0,0,0,1
330,189,0,0,0,2
331,190,0,0,0,1
332,188,0,0,0,-2
333,188,0,0,1,0
334,188,0,0,0,0
335,189,0,0,0,1
336,189,0,0,0,0
337,190,0,0,0,1
338,190,0,0,0,0
339,190,0,0,0,0
340,188,1,0,0,-2
341,188,0,0,0,0
342,188,0,0,0,0
343,186,1,0,0,-2
344,187,0,0,0,1
345,186,0,0,0,-1
346,186,0,0,0,0
347,186,0,0,0,0
348,185,0,0,0,-1
349,185,0,0,0,0
350,184,0,0,0,-1
351,184,0,0,0,0
352,183,0,0,0,-1
353,184,1,0,0,1
354,184,0,0,0,0
355,184,0,0,0,0
356,185,0,0,1,1
357,184,1,0,0,-1
358,183,0,0,0,-1
359,181,0,0,1,-2
360,181,0,0,0,0
361,180,0,0,0,-1
362,177,0,0,0,-3
363,177,0,0,0,0
364,176,0,0,0,-1
